00000000000000000000000000000000
11111111111111111111111111111111
00000000000000001111111111111111
11111101001111100011010100100100
01010101111010000000000000000001
00011110000000101010101001111111
11111111111111111000000000000001
00000000000000011011010100100100
01010101111010000000000000000001
00011101001111100011010100100100
01010101111010000000000000000001
00011101001111100011010100100100
01010101111010000000000000000001
00011101001111100011010100100100
01010101111010000000000000000001
00011101001111100011010100100100
01010101111010000000000000000001
00011101001111100011010100100100
01010101111010000000000000000001
00011101001111100011010100100100
01010101111010000000000000000001
00011101001111100011010100100100
01010101111010000000000000000001
00011101001111100011010100100100
01010101111010000000000000000001
00011101001111100011010100100100
01010101111010000000000000000001
00011101001111100011010100100100
01010101111010000000000000000001
00011101001111100011010100100100
01010101111010000000000000000001
00000000000000000000000000000011