000000000000000000000000000000001111111
111111111111111111111111111111111111111
000000000000000011111111111111111111111
111111010011111000110101001001001111111
010101011110100000000000000000011111111
000111100000001010101010011111111111111
111111111111111110000000000000011111111
000000000000000110110101001001001111111
010101011110100000000000000000011111111
000111010011111000110101001001001111111
010101011110100000000000000000011111111
000111010011111000110101001001001111111
010101011110100000000000000000011111111
000111010011111000110101001001001111111
010101011110100000000000000000011111111
000111010011111000110101001001001111111
010101011110100000000000000000011111111
000111010011111000110101001001001111111
010101011110100000000000000000011111111
000111010011111000110101001001001111111
010101011110100000000000000000011111111
000111010011111000110101001001001111111
010101011110100000000000000000011111111
000111010011111000110101001001001111111
010101011110100000000000000000011111111
000111010011111000110101001001001111111
010101011110100000000000000000011111111
000111010011111000110101001001001111111
010101011110100000000000000000011111111
000111010011111000110101001001001111111
010101011110100000000000000000011111111
000000000000000000000000000000111111111
111111111111111111111111111111111111111
111111111111111111111111111111111111111
111111111111111111111111111111111111111
111111111111111111111111111111111111111
111111111111111111111111111111111111111
111111111111111111111111111111111111111
111111111111111111111111111111111111111